00 00 00 00 00 00 00 00
00 00 00 00 00 00 00 00
00 00 00 00 00 00 00 00
00 00 00 00 00 00 00 00
00 00 00 00 00 00 00 00
00 00 00 00 00 00 00 00
00 00 00 00 00 00 00 00
00 00 00 00 00 00 00 00
00 00 00 00 00 00 00 00
00 00 00 00 00 00 00 00
00 00 00 00 00 00 00 00
00 00 00 00 00 00 00 00
00 00 00 00 00 00 00 00 
bd 18 40 00 00 00 00 00 
3a 4e db 47 00 00 00 00 
25 19 40 00 00 00 00 00 
fd 18 40 00 00 00 00 00 
bd 18 40 00 00 00 00 00 
90 e4 71 ed 00 00 00 00 
d6 18 40 00 00 00 00 00 
c1 18 40 00 00 00 00 00 
ad 18 40 00 00 00 00 00 
8f 15 40 00 00 00 00 00
